884
85
478
974
528
31
812
333
999
346
44
312
734
627
231
286
617
749
403
309
590
882
64
51
285
699
466
495
698
251
192
662
137
320
18
599
168
397
836
343
949
144
406
789
153
906
160
195
339
213
577
294
67
268
311
479
505
849
70
453
987
539
850
152
762
692
102
407
492
315
201
190
115
250
91
598
561
498
735
650
750
65
206
829
467
313
663
678
843
301
704
63
975
887
903
287
696
969
55
752
934
329
898
908
542
421
572
952
14
288
357
302
480
892
697
282
219
384
965
741
98
350
158
258
117
541
544
499
907
885
440
351
715
847
992
331
229
549
393
765
172
53
936
225
120
701
709
648
233
895
252
49
624
719
593
257
623
135
639
972
409
569
682
673
141
773
615
666
446
66
755
365
348
465
585
956
469
76
24
802
763
855
990
784
713
856
579
197
289
998
366
668
290
779
344
191
845
103
21
581
556
868
900
187
33
451
401
328
946
138
996
852
533
846
382
113
60
183
8
441
83
292
605
786
342
976
636
630
438
983
613
540
317
550
412
747
669
803
937
641
295
681
923
32
530
125
928
263
481
796
2
413
638
487
864
676
865
606
916
729
523
694
665
730
52
133
347
905
781
355
228
954
941
69
841
547
513
283
362
652
81
121
114
543
41
955
264
374
149
368
325
532
897
334
386
214
389
769
660
860
743
509
565
844
570
307
5
30
476
986
609
261
332
564
634
793
116
356
723
515
383
220
417
552
266
876
622
985
705
196
448
970
917
293
712
810
367
842
445
119
42
520
345
203
766
148
809
861
278
349
284
566
224
721
360
106
373
994
910
511
297
732
672
254
649
754
416
210
82
273
647
932
25
863
166
7
629
130
840
659
582
227
419
977
871
256
323
279
281
886
815
427
508
151
795
833
369
625
610
573
154
245
277
751
104
118
635
726
958
950
819
904
820
942
443
529
396
316
517
240
395
857
534
105
146
186
835
710
200
939
29
337
68
961
962
75
690
376
580
768
131
46
59
785
924
437
37
707
132
58
39
603
145
591
693
86
490
800
584
798
967
764
926
963
596
398
296
322
327
340
880
447
535
381
364
184
379
96
777
558
788
782
644
341
791
439
695
944
920
482
691
391
276
757
9
664
761
321
93
626
874
150
248
112
621
181
824
588
832
661
929
109
78
506
249
957
746
155
879
400
869
10
553
576
434
493
909
745
22
502
11
685
372
314
526
242
979
20
45
269
744
425
854
243
574
101
128
143
980
971
375
817
670
185
618
851
918
563
215
236
430
787
953
738
776
521
633
324
405
15
959
792
62
881
825
299
431
255
991
165
241
410
74
491
767
272
545
538
853
901
205
259
304
931
56
507
402
99
642
645
92
305
807
100
212
760
568
711
194
859
889
237
935
555
1000
583
468
79
808
50
930
960
193
73
202
433
270
353
217
546
899
896
828
913
274
424
595
223
388
218
823
915
516
171
174
875
61
411
232
514
940
126
310
127
414
485
23
378
483
804
486
873
489
989
658
737
239
594
226
235
522
488
198
399
756
740
234
914
919
330
702
981
830
124
404
831
238
587
524
204
562
461
848
111
6
72
560
432
733
57
537
794
471
503
548
436
336
501
175
653
319
77
306
811
253
260
551
578
675
575
17
612
504
178
455
813
922
473
894
247
637
708
84
973
54
797
179
48
207
173
877
948
821
221
494
280
182
774
470
891
984
837
611
838
34
620
938
415
358
458
385
607
189
893
199
134
968
687
995
592
129
156
89
450
408
728
731
600
988
211
230
778
527
651
176
614
646
97
674
188
628
222
35
799
136
866
298
108
814
951
822
758
655
460
790
601
706
444
683
725
80
736
631
459
90
170
142
208
426
300
422
801
423
318
308
428
525
643
335
246
862
497
19
464
554
839
500
770
27
169
716
604
780
512
38
742
267
671
872
557
775
110
640
567
159
827
4
429
826
457
291
680
216
87
1
679
452
883
806
95
597
140
834
88
677
43
496
925
94
418
180
394
454
392
167
654
632
878
559
244
700
462
571
157
26
608
442
456
107
271
993
602
619
657
818
359
888
275
518
474
921
363
714
139
123
720
16
783
536
28
303
867
354
667
945
352
3
759
371
71
338
727
40
122
684
475
966
484
997
519
361
748
689
753
387
472
449
589
722
147
771
390
12
370
703
616
435
586
162
858
36
262
209
377
912
816
978
686
947
943
739
380
177
911
477
510
870
164
163
463
161
656
964
982
47
420
772
688
927
531
326
717
724
718
13
265
805
933
890
902